x <- 3
y <- 12 + x * 2
write y